0   999
1  999
2   999
3   999
4   999
5   999
6   999
7   999
8   999
9   999
10   999
11   999

12   999
13   999
14   999
15   999
16   999
17   999
18   999
19   999
20   999
21 0.43365
22 0.38
23 0.480845666666667

24 0.456838666666667
25 0.499358333333333
26 0.539747333333333
27 0.533245
28 0.605649333333333
29 0.585429333333333
30 0.641921333333333
31 0.730200333333333
32 0.684804333333333
33 0.697740666666667
34 0.724102666666667
35 0.724235333333333

36 0.644905666666667
37 0.643199333333333
38 0.701123666666667
39 0.589512
40 0.605949333333333
41 0.689336333333333
42 0.692418333333333
43 0.769700666666667
44 0.814300666666667
45 0.814469333333333
46 0.778089666666667
47 0.824551333333333

48 0.821322
49 0.876553333333333
50 0.878176
51 0.921158
52 0.894979
53 0.928466666666666
54 0.943125666666667
55 0.849252333333333
56 0.908957
57 0.883545666666667
58 0.903438
59 0.825272333333333

60 0.809241333333333
61 0.905674666666667
62 0.914226666666667
63 0.917241333333333
64 0.917248666666667
65 0.947694
66 0.962678333333333
67 0.972304
68 0.981614
69 0.985584666666667
70 0.982089
71 0.967956333333333

72 0.945920666666667
73 0.984625666666667
74 0.984191
75 0.91947
76 0.943756666666667
77 0.947547333333333
78 0.950222
79 0.980608
80 0.952801666666667
81 0.978539
82 0.985839666666667
83 0.966800333333333

84 0.986641666666667
85 0.993186
86 0.989409333333333
87 0.993251333333333
88 0.990787666666667
89 0.989852333333333
90 0.993339333333333
91 0.991856
92 0.992234333333333
93 0.993683333333333
94 0.992973
95 0.987545333333333

96 0.989418333333333
97 0.988254333333333
98 0.984571666666667
99 0.989672666666667
100 0.989565666666667
101 0.988364333333334
102 0.98889
103 0.990959666666667
104 0.986092666666667
105 0.984685
106 0.983807666666667
107 0.984685666666667

108 0.979616
109 999
110 999
111 999
112 999
113 999
114 999
115 999
116 999
117 999
118 999
119 999

120 999
121 999
122 999
123 999
124 999
125 999
126 999
127 999
